100
04
9
02163
003000
08041479
80750340926070052
90056
11680
90
09020809009020989
00460224000800
0606
6402000040
3918080
31052060072050
41
00070775690
8000780240500799004
66
040934020028
00241600300023700065
3
09964639222895002000
2903002053708649009
000050995
0510000
3000000008000211009
3000
024500407
90000000060100080
08060280
00000040000000000
040064000
00000
10908019020
0050088020
800
298008410740080
1300000720325
40
0310050068000
134808000040007
080030
0036000400404200908
90310
828301135507060000
08900600950000000
82361259068090
02010030000006
74996500183
04
000000003005040000
0390070400100
079
0200603837680020
96902086002730009
7300210000960
3000023906
040000137020007
060648000530003028
0000030709005
80
0980
00700
9560002000040090251
3419288000
07001475020
00095019
0080
60
490040040
04600000069
06805
03006
0880850086926100
5961000060
500810010500000
00009203021
5408
30800
0
8064552300015600040
0305000800
302600
00034000501
0
00400
05006009100304014500
04001745500900450
41136902002070
295400630
90039882
5033107000
000003062
0807005001
710002424009
4900
6009000
640507070179000382
63604043
